0.0 337.3157897696681
0.04999999999997087 337.3157897696681
0.09999999999997895 337.3157897696681
0.14999999999997463 337.3157897696681
0.1999999999999579 337.3157897696681
0.24999999999996597 337.3157897696681
0.29999999999996163 337.3157897696681
0.3499999999999697 337.3157897696681
0.39999999999997776 337.3157897696681
0.44999999999994866 337.3157897696681
0.49999999999995676 337.3157897696681
0.5499999999999524 337.3157897696681
0.5999999999999605 337.3157897696681
0.6499999999999685 337.3157897696681
0.6999999999999394 337.3157897696681
0.7499999999999475 337.3157897696681
0.7999999999999432 337.3157897696681
0.7357047804105983 337.7302598256638
0.7857624179393922 337.7302598256638
0.8358200554681613 337.7302598256638
0.8858776929969429 337.7302598256638
0.9359353305257367 337.7302598256638
0.9859929680545059 337.7302598256638
1.0360506055833245 337.7302598256638
1.0861082431120936 337.7302598256638
1.1361658806408876 337.7302598256638
1.186223518169669 337.7302598256638
1.2362811556984505 337.7302598256638
1.286338793227232 337.7302598256638
1.3363964307560137 337.7302598256638
1.3864540682848199 337.7302598256638
1.4365117058136014 337.7302598256638
1.4865693433423952 337.7302598256638
1.4273648504456096 338.13303492037267
1.477478035575007 338.13303492037267
1.5275912207044418 338.13303492037267
1.5777044058338516 338.13303492037267
1.6278175909632366 338.13303492037267
1.677930776092659 338.13303492037267
1.7280439612220813 338.13303492037267
1.7781571463514787 338.13303492037267
1.8282703314808886 338.13303492037267
1.8783835166102985 338.13303492037267
1.928496701739696 338.13303492037267
1.9786098868691182 338.13303492037267
2.028723071998528 338.13303492037267
2.0788362571279255 338.13303492037267
2.1289494422573356 338.13303492037267
2.17906262738677 338.13303492037267
2.1185042531679246 338.5483026975981
2.1686741638531273 338.5483026975981
2.218844074538318 338.5483026975981
2.2690139852235207 338.5483026975981
2.3191838959087483 338.5483026975981
2.3693538065939386 338.5483026975981
2.4195237172791417 338.5483026975981
2.469693627964332 338.5483026975981
2.5198635386495347 338.5483026975981
2.5700334493347254 338.5483026975981
2.620203360019953 338.5483026975981
2.6703732707051557 338.5483026975981
2.720543181390346 338.5483026975981
2.770713092075549 338.5483026975981
2.8208830027607394 338.5483026975981
2.8710529134459297 338.5483026975981
2.809070806307392 338.976493831454
2.8592986766917234 338.976493831454
2.9095265470760547 338.976493831454
2.9597544174603736 338.976493831454
3.009982287844717 338.976493831454
3.060210158229048 338.976493831454
3.1104380286133795 338.976493831454
3.1606658989977228 338.976493831454
3.210893769382054 338.976493831454
3.261121639766398 338.976493831454
3.3113495101507286 338.976493831454
3.36157738053506 338.976493831454
3.4118052509193912 338.976493831454
3.462033121303722 338.976493831454
3.5122609916880534 338.976493831454
3.455908004229618 339.3900045350103
3.5061913854774027 339.3900045350103
3.5564747667251875 339.3900045350103
3.606758147972997 339.3900045350103
3.6570415292207943 339.3900045350103
3.707324910468579 339.3900045350103
3.7576082917163762 339.3900045350103
3.8078916729641734 339.3900045350103
3.858175054211958 339.3900045350103
3.9084584354597554 339.3900045350103
3.9587418167075525 339.3900045350103
4.009025197955337 339.3900045350103
4.059308579203134 339.3900045350103
4.109591960450931 339.3900045350103
4.159875341698741 339.3900045350103
4.102227568231276 339.81613532051625
4.152567606253201 339.81613532051625
4.202907644275137 339.81613532051625
4.253247682297049 339.81613532051625
4.303587720318985 339.81613532051625
4.353927758340885 339.81613532051625
4.404267796362822 339.81613532051625
4.454607834384758 339.81613532051625
4.50494787240667 339.81613532051625
4.555287910428581 339.81613532051625
4.605627948450518 339.81613532051625
4.655967986472443 339.81613532051625
4.706308024494354 339.81613532051625
4.756648062516279 339.81613532051625
4.704918045692868 340.22537350728555
4.755312060475689 340.22537350728555
4.8057060752584855 340.22537350728555
4.8561000900413065 340.22537350728555
4.906494104824115 340.22537350728555
4.956888119606936 340.22537350728555
5.007282134389758 340.22537350728555
5.057676149172567 340.22537350728555
5.108070163955375 340.22537350728555
5.158464178738184 340.22537350728555
5.208858193521004 340.22537350728555
5.259252208303825 340.22537350728555
5.3096462230866335 340.22537350728555
5.3600402378694545 340.22537350728555
5.307120788513573 340.6466307045722
5.357569845099326 340.6466307045722
5.408018901685093 340.6466307045722
5.458467958270871 340.6466307045722
5.508917014856624 340.6466307045722
5.559366071442402 340.6466307045722
5.60981512802818 340.6466307045722
5.660264184613934 340.6466307045722
5.710713241199687 340.6466307045722
5.761162297785452 340.6466307045722
5.811611354371231 340.6466307045722
5.8620604109569845 340.6466307045722
5.912509467542761 340.6466307045722
5.962958524128514 340.6466307045722
5.908783554261145 341.08024634238006
5.959288769744623 341.08024634238006
6.009793985228113 341.08024634238006
6.06029920071159 341.08024634238006
6.1108044161950925 341.08024634238006
6.16130963167857 341.08024634238006
6.2118148471620485 341.08024634238006
6.262320062645538 341.08024634238006
6.312825278129017 341.08024634238006
6.363330493612506 341.08024634238006
6.413835709095996 341.08024634238006
6.464340924579487 341.08024634238006
6.514846140062964 341.08024634238006
6.466940710361113 341.49420140005566
6.517499120787949 341.49420140005566
6.568057531214773 341.49420140005566
6.618615941641597 341.49420140005566
6.6691743520684215 341.49420140005566
6.719732762495258 341.49420140005566
6.770291172922081 341.49420140005566
6.820849583348905 341.49420140005566
6.871407993775741 341.49420140005566
6.921966404202566 341.49420140005566
6.9725248146293906 341.49420140005566
7.023083225056227 341.49420140005566
7.0736416354830505 341.49420140005566
7.024624975115214 341.9199615364528
7.07523759080651 341.9199615364528
7.12585020649778 341.9199615364528
7.17646282218905 341.9199615364528
7.227075437880333 341.9199615364528
7.277688053571603 341.9199615364528
7.328300669262898 341.9199615364528
7.3789132849541685 341.9199615364528
7.429525900645452 341.9199615364528
7.4801385163367335 341.9199615364528
7.530751132028017 341.9199615364528
7.581363747719287 341.9199615364528
7.6319763634105575 341.9199615364528
7.581784355857806 342.35781939533996
7.632452237241654 342.35781939533996
7.68312011862549 342.35781939533996
7.7337880000093495 342.35781939533996
7.784455881393198 342.35781939533996
7.835123762777032 342.35781939533996
7.88579164416088 342.35781939533996
7.93645952554474 342.35781939533996
7.987127406928563 342.35781939533996
8.037795288312411 342.35781939533996
8.088463169696283 342.35781939533996
8.139131051080106 342.35781939533996
8.095574504963082 342.7729256689177
8.146294386582856 342.7729256689177
8.197014268202631 342.7729256689177
8.247734149822392 342.7729256689177
8.29845403144219 342.7729256689177
8.349173913061952 342.7729256689177
8.399893794681727 342.7729256689177
8.4506136763015 342.7729256689177
8.501333557921289 342.7729256689177
8.552053439541062 342.7729256689177
8.602773321160823 342.7729256689177
8.653493202780597 342.7729256689177
8.608913549260773 343.199439113983
8.65968637506672 343.199439113983
8.710459200872693 343.199439113983
8.761232026678643 343.199439113983
8.812004852484614 343.199439113983
8.862777678290575 343.199439113983
8.913550504096548 343.199439113983
8.964323329902497 343.199439113983
9.015096155708468 343.199439113983
9.065868981514441 343.199439113983
9.116641807320391 343.199439113983
9.16741463312635 343.199439113983
9.12175049350929 343.6375957581631
9.172577254978243 343.6375957581631
9.223404016447196 343.6375957581631
9.274230777916136 343.6375957581631
9.32505753938509 343.6375957581631
9.375884300854043 343.6375957581631
9.426711062323006 343.6375957581631
9.47753782379196 343.6375957581631
9.528364585260913 343.6375957581631
9.579191346729854 343.6375957581631
9.630018108198806 343.6375957581631
9.591367026703463 344.0495978759973
9.642244141488655 344.0495978759973
9.693121256273862 344.0495978759973
9.743998371059043 344.0495978759973
9.794875485844237 344.0495978759973
9.845752600629442 344.0495978759973
9.896629715414623 344.0495978759973
9.947506830199817 344.0495978759973
9.998383944985024 344.0495978759973
10.049261059770217 344.0495978759973
10.100138174555399 344.0495978759973
10.060561569859313 344.4724131358449
10.111489904191208 344.4724131358449
10.162418238523104 344.4724131358449
10.213346572855013 344.4724131358449
10.264274907186907 344.4724131358449
10.315203241518804 344.4724131358449
10.36613157585071 344.4724131358449
10.417059910182605 344.4724131358449
10.467988244514501 344.4724131358449
10.51891657884641 344.4724131358449
10.569844913178306 344.4724131358449
10.529284915004746 344.9062129091157
10.580265379440629 344.9062129091157
10.631245843876524 344.9062129091157
10.68222630831243 344.9062129091157
10.733206772748302 344.9062129091157
10.784187237184208 344.9062129091157
10.835167701620103 344.9062129091157
10.886148166055971 344.9062129091157
10.93712863049188 344.9062129091157
10.988109094927774 344.9062129091157
11.039089559363669 344.9062129091157
10.997519161767126 345.35142928218494
11.048552694357864 345.35142928218494
11.099586226948588 345.35142928218494
11.150619759539314 345.35142928218494
11.20165329213004 345.35142928218494
11.252686824720763 345.35142928218494
11.3037203573115 345.35142928218494
11.354753889902224 345.35142928218494
11.40578742249295 345.35142928218494
11.456820955083673 345.35142928218494
11.422720902653714 345.766141748232
11.47380353189093 345.766141748232
11.52488616112815 345.766141748232
11.575968790365367 345.766141748232
11.627051419602587 345.766141748232
11.678134048839805 345.766141748232
11.729216678077037 345.766141748232
11.780299307314253 345.766141748232
11.831381936551473 345.766141748232
11.882464565788693 345.766141748232
11.847521960799128 346.1912785827623
11.89865448866408 346.1912785827623
11.949787016529049 346.1912785827623
12.000919544394005 346.1912785827623
12.05205207225897 346.1912785827623
12.103184600123926 346.1912785827623
12.154317127988893 346.1912785827623
12.205449655853847 346.1912785827623
12.256582183718827 346.1912785827623
12.307714711583793 346.1912785827623
12.271874003537947 346.62694614412425
12.323057274247656 346.62694614412425
12.374240544957381 346.62694614412425
12.42542381566709 346.62694614412425
12.476607086376811 346.62694614412425
12.527790357086534 346.62694614412425
12.578973627796245 346.62694614412425
12.630156898505954 346.62694614412425
12.681340169215689 346.62694614412425
12.7325234399254 346.62694614412425
12.695760811946771 347.0735362202584
12.746995694099375 347.0735362202584
12.798230576251981 347.0735362202584
12.849465458404588 347.0735362202584
12.900700340557217 347.0735362202584
12.951935222709823 347.0735362202584
13.003170104862429 347.0735362202584
13.054404987015035 347.0735362202584
13.105639869167653 347.0735362202584
13.156874751320258 347.0735362202584
13.119165591974252 347.53145686855623
13.170452979464224 347.53145686855623
13.221740366954212 347.53145686855623
13.273027754444183 347.53145686855623
13.324315141934155 347.53145686855623
13.37560252942413 347.53145686855623
13.426889916914101 347.53145686855623
13.478177304404097 347.53145686855623
13.529464691894072 347.53145686855623
13.499777834130585 347.9532586823619
13.551113277552464 347.9532586823619
13.602448720974344 347.9532586823619
13.65378416439621 347.9532586823619
13.705119607818103 347.9532586823619
13.75645505123997 347.9532586823619
13.807790494661836 347.9532586823619
13.859125938083716 347.9532586823619
13.910461381505607 347.9532586823619
13.880006683773688 348.3852091592273
13.931390927995775 348.3852091592273
13.982775172217863 348.3852091592273
14.034159416439937 348.3852091592273
14.085543660662038 348.3852091592273
14.136927904884127 348.3852091592273
14.188312149106203 348.3852091592273
14.239696393328304 348.3852091592273
14.291080637550404 348.3852091592273
14.259804241004032 348.82734079275866
14.311238071693287 348.82734079275866
14.362671902382543 348.82734079275866
14.414105733071798 348.82734079275866
14.465539563761054 348.82734079275866
14.516973394450309 348.82734079275866
14.568407225139579 348.82734079275866
14.61984105582881 348.82734079275866
14.671274886518088 348.82734079275866
14.63915580404269 349.28000968530495
14.690640028527588 349.28000968530495
14.742124253012483 349.28000968530495
14.79360847749738 349.28000968530495
14.845092701982264 349.28000968530495
14.896576926467159 349.28000968530495
14.948061150952055 349.28000968530495
14.999545375436952 349.28000968530495
15.051029599921847 349.28000968530495
15.018046257119794 349.74358472379095
15.069581705114246 349.74358472379095
15.12111715310871 349.74358472379095
15.172652601103186 349.74358472379095
15.224188049097638 349.74358472379095
15.275723497092113 349.74358472379095
15.327258945086577 349.74358472379095
15.37879439308103 349.74358472379095
15.354413644517964 350.16470108559656
15.405995354667562 350.16470108559656
15.457577064817148 350.16470108559656
15.509158774966746 350.16470108559656
15.560740485116316 350.16470108559656
15.612322195265904 350.16470108559656
15.6639039054155 350.16470108559656
15.715485615565086 350.16470108559656
15.69042764432769 350.5953576030927
15.742056286309126 350.5953576030927
15.793684928290537 350.5953576030927
15.84531357027196 350.5953576030927
15.896942212253395 350.5953576030927
15.948570854234818 350.5953576030927
16.00019949621623 350.5953576030927
16.051828138197664 350.5953576030927
16.02604223753876 351.03549992573977
16.077718519238754 351.03549992573977
16.12939480093872 351.03549992573977
16.181071082638685 351.03549992573977
16.23274736433866 351.03549992573977
16.28442364603863 351.03549992573977
16.33609992773862 351.03549992573977
16.387776209438574 351.03549992573977
16.361244884778735 351.48543353736795
16.412969532345357 351.48543353736795
16.46469417991196 351.48543353736795
16.51641882747858 351.48543353736795
16.568143475045204 351.48543353736795
16.619868122611805 351.48543353736795
16.671592770178428 351.48543353736795
16.72331741774504 351.48543353736795
16.696022811905195 351.94547272676755
16.747796570257027 351.94547272676755
16.79957032860885 351.94547272676755
16.851344086960683 351.94547272676755
16.903117845312504 351.94547272676755
16.95489160366433 351.94547272676755
17.00666536201616 351.94547272676755
17.058439120367982 351.94547272676755
17.030362784304277 352.41594376742313
17.08218641779314 352.41594376742313
17.134010051282 352.41594376742313
17.18583368477089 352.41594376742313
17.237657318259764 352.41594376742313
17.28948095174864 352.41594376742313
17.341304585237516 352.41594376742313
17.322517773643614 352.8359468679303
17.374385704776838 352.8359468679303
17.426253635910058 352.8359468679303
17.478121567043278 352.8359468679303
17.529989498176473 352.8359468679303
17.581857429309714 352.8359468679303
17.633725360442938 352.8359468679303
17.614352297316007 353.26481876756543
17.66626511880478 353.26481876756543
17.718177940293543 353.26481876756543
17.770090761782328 353.26481876756543
17.82200358327109 353.26481876756543
17.873916404759864 353.26481876756543
17.925829226248634 353.26481876756543
17.905822637805617 353.70240451697896
17.95778097790827 353.70240451697896
18.009739318010922 353.70240451697896
18.061697658113566 353.70240451697896
18.113655998216228 353.70240451697896
18.165614338318868 353.70240451697896
18.217572678421522 353.70240451697896
18.196918535041796 354.14895728190703
18.24892303692671 354.14895728190703
18.30092753881161 354.14895728190703
18.352932040696516 354.14895728190703
18.404936542581417 354.14895728190703
18.456941044466316 354.14895728190703
18.50894554635122 354.14895728190703
18.487629672670508 354.60473514783206
18.53968099471861 354.60473514783206
18.591732316766702 354.60473514783206
18.643783638814813 354.60473514783206
18.69583496086292 354.60473514783206
18.747886282911008 354.60473514783206
18.7999376049591 354.60473514783206
18.777945441582357 355.0700044730346
18.83004425784817 355.0700044730346
18.88214307411399 355.0700044730346
18.934241890379816 355.0700044730346
18.986340706645638 355.0700044730346
19.038439522911442 355.0700044730346
19.09053833917728 355.0700044730346
19.067854939262148 355.5450400364574
19.120001939945617 355.5450400364574
19.17214894062906 355.5450400364574
19.224295941312533 355.5450400364574
19.276442941996002 355.5450400364574
19.328589942679447 355.5450400364574
19.38073694336292 355.5450400364574
19.357346971119583 356.03012519193857
19.40954286304766 356.03012519193857
19.46173875497573 356.03012519193857
19.513934646903802 356.03012519193857
19.566130538831878 356.03012519193857
19.61832643075996 356.03012519193857
19.605122709379167 356.45354412544805
19.657361096182697 356.45354412544805
19.70959948298621 356.45354412544805
19.76183786978973 356.45354412544805
19.81407625659325 356.45354412544805
19.866314643396763 356.45354412544805
19.852610525045552 356.8852169634821
19.904891927181858 356.8852169634821
19.95717332931816 356.8852169634821
20.00945473145446 356.8852169634821
20.061736133590767 356.8852169634821
20.11401753572707 356.8852169634821
20.099769271894353 357.3248590099512
20.152094242901622 357.3248590099512
20.204419213908896 357.3248590099512
20.256744184916176 357.3248590099512
20.309069155923428 357.3248590099512
20.361394126930705 357.3248590099512
20.346591030251883 357.77267224671823
20.398960135425956 357.77267224671823
20.451329240600007 357.77267224671823
20.503698345774055 357.77267224671823
20.556067450948127 357.77267224671823
20.608436556122175 357.77267224671823
20.593068015883386 358.2288596362099
20.645481832374557 358.2288596362099
20.697895648865714 358.2288596362099
20.75030946535687 358.2288596362099
20.802723281848042 358.2288596362099
20.8551370983392 358.2288596362099
20.83919231710987 358.69362894963643
20.89165143419594 358.69362894963643
20.94411055128201 358.69362894963643
20.996569668368075 358.69362894963643
21.049028785454134 358.69362894963643
21.101487902540228 358.69362894963643
21.08495590418112 359.16719270412574
21.137460923539624 359.16719270412574
21.189965942898105 359.16719270412574
21.242470962256597 359.16719270412574
21.29497598161509 359.16719270412574
21.347481000973584 359.16719270412574
21.330350640884415 359.6497681023331
21.382902176862437 359.6497681023331
21.435453712840474 359.6497681023331
21.48800524881848 359.6497681023331
21.54055678479653 359.6497681023331
21.59310832077455 359.6497681023331
21.575368298379672 360.14157694320005
21.627966978260034 360.14157694320005
21.680565658140384 360.14157694320005
21.733164338020746 360.14157694320005
21.78576301790111 360.14157694320005
21.83836169778146 360.14157694320005
21.820000571565867 360.6428454999033
21.872647035827423 360.6428454999033
21.925293500088994 360.6428454999033
21.97793996435056 360.6428454999033
22.030586428612132 360.6428454999033
22.02354692667472 361.06722218999306
22.0762337192918 361.06722218999306
22.128920511908923 361.06722218999306
22.181607304526022 361.06722218999306
22.23429409714314 361.06722218999306
22.226848148444493 361.49904038610583
22.279575709021803 361.49904038610583
22.332303269599137 361.49904038610583
22.38503083017645 361.49904038610583
22.43775839075377 361.49904038610583
22.429867418808616 361.9378468908034
22.482636216482874 361.9378468908034
22.535405014157156 361.9378468908034
22.58817381183144 361.9378468908034
22.640942609505707 361.9378468908034
22.632599606824968 362.38378511992255
22.685410119038725 362.38378511992255
22.738220631252492 362.38378511992255
22.79103114346626 362.38378511992255
22.84384165568003 362.38378511992255
22.835039918500932 362.8369953998166
22.887892630885503 362.8369953998166
22.94074534327011 362.8369953998166
22.993598055654676 362.8369953998166
23.046450768039257 362.8369953998166
23.03718359522937 363.2976195370396
23.090079001693127 363.2976195370396
23.142974408156885 363.2976195370396
23.195869814620647 363.2976195370396
23.24876522108441 363.2976195370396
23.239025930213728 363.76580060274347
23.291964533020494 363.76580060274347
23.34490313582722 363.76580060274347
23.397841738633975 363.76580060274347
23.450780341440726 363.76580060274347
23.440562286823422 364.24168272511935
23.493544596659515 364.24168272511935
23.546526906495632 364.24168272511935
23.599509216331736 364.24168272511935
23.652491526167832 364.24168272511935
23.641788119015864 364.7254108532944
23.69481465504434 364.7254108532944
23.747841191072787 364.7254108532944
23.80086772710126 364.7254108532944
23.85389426312971 364.7254108532944
23.84269899400959 365.21713049014625
23.895770283909233 365.21713049014625
23.948841573808867 365.21713049014625
24.001912863708505 365.21713049014625
24.054984153608142 365.21713049014625
24.043290617405304 365.71698739131165
24.09640719739313 365.71698739131165
24.149523777380953 365.71698739131165
24.202640357368775 365.71698739131165
24.2557569373566 365.71698739131165
24.243558860967067 366.22512722731955
24.29672127580146 366.22512722731955
24.349883690635867 366.22512722731955
24.40304610547027 366.22512722731955
24.456208520304674 366.22512722731955
24.44349979328071 366.741695205617
24.49670859624319 366.741695205617
24.54991739920567 366.741695205617
24.603126202168145 366.741695205617
24.656335005130625 366.741695205617
24.643109713539907 367.2668356491436
24.696365466392525 367.2668356491436
24.74962121924514 367.2668356491436
24.802876972097756 367.2668356491436
24.85613272495038 367.2668356491436
24.8423851886946 367.8006915278115
24.89568846161042 367.8006915278115
24.948991734526228 367.8006915278115
25.00229500744205 367.8006915278115
25.001562522588777 368.23311071070833
25.05490422776474 368.23311071070833
25.108245932940704 368.23311071070833
25.16158763811666 368.23311071070833
25.16055161092683 368.6720486196829
25.21393210193188 368.6720486196829
25.267312592936918 368.6720486196829
25.320693083941965 368.6720486196829
25.31932351103008 369.1167764869819
25.372743165170974 369.1167764869819
25.426162819311845 369.1167764869819
25.479582473452737 369.1167764869819
25.477876766644833 369.5673685796934
25.53133596552098 369.5673685796934
25.584795164397132 369.5673685796934
25.638254363273266 369.5673685796934
25.636210523412757 370.02389108156774
25.689709652532585 370.02389108156774
25.74320878165243 370.02389108156774
25.796707910772277 370.02389108156774
25.794324143660738 370.4864082769192
25.847863592330526 370.4864082769192
25.901403041000318 370.4864082769192
25.95494248967012 370.4864082769192
25.95221722769269 370.95498222776877
26.00579738888828 370.95498222776877
26.059377550083873 370.95498222776877
26.11295771127945 370.95498222776877
26.109889636067084 371.42967247838885
26.163510906287627 371.42967247838885
26.217132176508194 371.42967247838885
26.270753446728747 371.42967247838885
26.26734151336148 371.91053573877826
26.32100429246384 371.91053573877826
26.374667071566186 371.91053573877826
26.42832985066854 371.91053573877826
26.4245733134471 372.3976255466361
26.478278004459174 372.3976255466361
26.53198269547126 372.3976255466361
26.585687386483333 372.3976255466361
26.581585826348245 372.89099190699187
26.635332835260133 372.89099190699187
26.689079844172024 372.89099190699187
26.742826853083926 372.89099190699187
26.738380206724823 373.3906809087185
26.79216994225586 373.3906809087185
26.845959677786905 373.3906809087185
26.899749413317917 373.3906809087185
26.89495800402888 373.8967343172974
26.948790877369053 373.8967343172974
27.002623750709233 373.8967343172974
27.056456624049417 373.8967343172974
27.051321194382812 374.4091891431103
27.105197618906903 374.4091891431103
27.15907404343098 374.4091891431103
27.212950467955068 374.4091891431103
27.207472214192343 374.92807718489456
27.261392605144785 374.92807718489456
27.315312996097237 374.92807718489456
27.369233387049675 374.92807718489456
27.36341399553845 375.4534245478679
27.41737876968738 375.4534245478679
27.471343543836316 375.4534245478679
27.525308317985235 375.4534245478679
27.519150003342897 375.9852511363565
27.573159578601217 375.9852511363565
27.627169153859523 375.9852511363565
27.681178729117814 375.9852511363565
27.674684274310614 376.523570120887
27.728739069322334 376.523570120887
27.782793864334042 376.523570120887
27.836848659345762 376.523570120887
27.830021457624916 377.068387379913
27.884121891314848 377.068387379913
27.938222325004773 377.068387379913
27.99232275869472 377.068387379913
27.98516685737457 377.61970091648334
28.039313348459252 377.61970091648334
28.09345983954392 377.61970091648334
28.14760633062859 377.61970091648334
28.140126476617638 378.17750025076435
28.194319443075685 378.17750025076435
28.248512409533742 378.17750025076435
28.302705375991792 378.17750025076435
28.294907063047088 378.74176578914495
28.34914692154706 378.74176578914495
28.403386780047004 378.74176578914495
28.457626638546966 378.74176578914495
28.44951615610466 379.31246817148127
28.503803321388332 379.31246817148127
28.558090486672018 379.31246817148127
28.56539971626018 379.74310240016234
28.619722606209802 379.74310240016234
28.67404549615941 379.74310240016234
28.681211530171012 380.17842746271026
28.735570362846193 380.17842746271026
28.789929195521367 380.17842746271026
28.796941666653893 380.6172788466308
28.851336669200357 380.6172788466308
28.905731671746842 380.6172788466308
28.912594088610323 381.0596365723212
28.967025486704806 381.0596365723212
29.021456884799274 381.0596365723212
29.028173606921705 381.50546771921285
29.082641624107467 381.50546771921285
29.13710964129327 381.50546771921285
29.143685360249926 381.9547352387714
29.19819021766512 381.9547352387714
29.2526950750803 381.9547352387714
29.25913482845314 382.40739771769194
29.313676744545315 382.40739771769194
29.368218660637478 382.40739771769194
29.37452784460968 382.8634092069362
29.429107034837966 382.8634092069362
29.48368622506623 382.8634092069362
29.48987060694737 383.3227190510246
29.544487283471796 383.3227190510246
29.599103959996235 383.3227190510246
29.60516969060305 383.7852717188522
29.659824061961277 383.7852717188522
29.714478433319496 383.7852717188522
29.72043205914529 384.2510066368461
29.77512432991638 384.2510066368461
29.82981660068745 384.2510066368461
29.835665075785474 384.71985802545555
29.890395446241172 384.71985802545555
29.945125816696883 384.71985802545555
29.95087651419991 385.1917547398471
30.0056451799433 385.1917547398471
30.060413845686682 385.1917547398471
30.06607456888163 385.6666201159172
30.120881720473413 385.6666201159172
30.175688872065194 385.6666201159172
30.181267864931506 386.14437182273923
30.236113687504233 386.14437182273923
30.290959510076934 386.14437182273923
30.29646546719555 386.6249217225685
30.35135014005602 386.6249217225685
30.406234812916498 386.6249217225685
30.411676888650824 387.10817573966585
30.466600584871298 387.10817573966585
30.521524281091782 387.10817573966585
30.52691209793461 387.59403373925295
30.581874983933066 387.59403373925295
30.636837869931547 387.59403373925295
30.64218152591445 388.0823894178569
30.697183761024736 388.0823894178569
30.752185996135033 388.0823894178569
30.75749607118071 388.5731302065193
30.812537807213143 388.5731302065193
30.86757954324559 388.5731302065193
30.872867104350885 389.0661371882691
30.927948485144242 389.0661371882691
30.98302986593757 389.0661371882691
30.988306471079614 389.56128503115787
31.043427632045212 389.56128503115787
31.098548793010785 389.56128503115787
31.103826493632564 390.0584419385652
31.158987561291777 390.0584419385652
31.214148628950987 390.0584419385652
31.21943997093328 390.5574696180224
31.274641062449387 390.5574696180224
31.32984215396548 390.5574696180224
31.335160176943187 391.05822327011407
31.39040139964878 391.05822327011407
31.44564262235436 391.05822327011407
31.45100085726929 391.5605515988801
31.50628230819085 391.5605515988801
31.5615637591124 391.5605515988801
31.566976223884907 392.06429684506344
31.622297989265757 392.06429684506344
31.677619754646603 392.06429684506344
31.683100947855365 392.5692948435702
31.738463102678807 392.5692948435702
31.79382525750227 392.5692948435702
31.799390149955215 393.0753751064502
31.85479275746947 393.0753751064502
31.91019536498371 393.0753751064502
31.915859389094013 393.58236093249656
31.97130250034067 393.58236093249656
32.02674561158734 393.58236093249656
32.03252464845473 394.0900695445858
32.08800830180295 394.0900695445858
32.14349195515114 394.0900695445858
32.14940231927559 394.5983122556528
32.204926539963566 394.5983122556528
32.260450760651544 394.5983122556528
32.266509182191214 395.1068946641765
32.32207398187768 395.1068946641765
32.377638781564144 395.1068946641765
32.38386238611867 395.61561687958823
32.43946776244586 395.61561687958823
32.49507313877307 395.61561687958823
32.50147942460417 396.12427377841783
32.55712536077513 396.12427377841783
32.612771296946114 396.12427377841783
32.61937810966102 396.6326552909499
32.6750645740332 396.6326552909499
32.73075103840537 396.6326552909499
32.73757654306307 397.1405467187388
32.79330348876061 397.1405467187388
32.84903043445814 397.1405467187388
32.85609308512612 397.6477290826822
32.91186044967335 397.6477290826822
32.96762781422057 397.6477290826822
32.97494632103061 398.15397950104955
33.03075402600892 398.15397950104955
33.08656173098724 398.15397950104955
33.094155024721104 398.65907159693165
33.15000297545172 398.65907159693165
33.20585092618232 398.65907159693165
33.21373812050232 399.16277593392095
33.269626205757135 399.16277593392095
33.32551429101194 399.16277593392095
33.33371464240892 399.66486047892556
33.38964273415187 399.66486047892556
33.445570825894805 399.66486047892556
33.45410369150975 400.16509109049633
33.51007164467081 400.16509109049633
33.566039597831846 400.16509109049633
33.57492439129026 400.6632320307077
33.63093204357416 400.6632320307077
33.68693969585805 400.6632320307077
33.69619584129395 401.1590464988331
33.75224301302575 401.1590464988331
33.80829018475751 401.1590464988331
33.81793706923112 401.65229718418567
33.87402356324024 401.65229718418567
33.93011005724936 401.65229718418567
33.94016698178857 402.14274683556124
33.996292583333364 402.14274683556124
34.05241818487813 402.14274683556124
34.06290431435665 402.63015884477306
34.1190687910906 402.63015884477306
34.17523326782452 402.63015884477306
34.186167579982644 403.1142978407656
34.24237068196386 403.1142978407656
34.29857378394509 403.1142978407656
34.30997501779453 403.59493029152287
34.36621647753956 403.59493029152287
34.422457937284584 403.59493029152287
34.434344541196104 404.071825110368
34.490624073778754 404.071825110368
34.54690360636142 404.071825110368
34.55929368616861 404.54475426279964
34.61561098936468 404.54475426279964
34.67192829256074 404.54475426279964
34.684839559951136 405.01349337088146
34.74119431442916 405.01349337088146
34.7975490689072 405.01349337088146
34.810998790451514 405.47782231114337
34.86739066000994 405.47782231114337
34.923782529568356 405.47782231114337
34.93778747669639 405.9375258025146
34.994216108546595 405.9375258025146
35.05064474039682 405.9375258025146
35.065221140642436 406.39239398072186
35.121686165737536 406.39239398072186
35.178151190832615 406.39239398072186
35.19331468066661 406.84222295551007
35.24981571407493 406.84222295551007
35.30631674748324 406.84222295551007
35.322082327027 407.28681534747875
35.37861896834952 407.28681534747875
35.43515560967204 407.28681534747875
35.451537599615286 407.72598080088886
35.5081094334456 407.72598080088886
35.564681267275894 407.72598080088886
35.58169326825268 408.1595364696543
35.63829986467777 408.1595364696543
35.69490646110284 408.1595364696543
35.71256131581433 408.5873074732613
35.76920223095456 408.5873074732613
35.82584314609481 408.5873074732613
35.84415290436929 409.0091273205995
35.90082768095553 409.0091273205995
35.95750245754178 409.0091273205995
35.97647834463075 409.4248382983278
36.03318651261601 409.4248382983278
36.08989468060127 409.4248382983278
36.109547068822415 409.83429182257635
36.16628814602595 409.83429182257635
36.22302922322946 409.83429182257635
36.2433676071718 410.23734875164365
36.3001410999526 410.23734875164365
36.35691459273338 410.23734875164365
36.37794756812883 410.63387965848483
36.43475297208586 410.63387965848483
36.491558376042875 410.63387965848483
36.5483637799999 410.63387965848483
36.55834135067898 411.1556886447731
36.61518871506009 411.1556886447731
36.67203607944119 411.1556886447731
36.7288834438223 411.1556886447731
36.740141010463724 411.6642536213448
36.79702937286438 411.6642536213448
36.85391773526504 411.6642536213448
36.9108060976657 411.6642536213448
36.92333339125105 412.16046057992503
36.98026179071743 412.16046057992503
37.0371901901838 412.16046057992503
37.09411858965018 412.16046057992503
37.10792665323994 412.64410376193257
37.16489411098156 412.64410376193257
37.2218615687232 412.64410376193257
37.27882902646482 412.64410376193257
37.293925295289604 413.1150214678822
37.35093081774843 413.1150214678822
37.407936340207236 413.1150214678822
37.46494186266608 413.1150214678822
37.48133076847389 413.57308541461913
37.538373349889504 413.57308541461913
37.59541593130513 413.57308541461913
37.65245851272076 413.57308541461913
37.67014152381712 414.01820051219585
37.7272201487953 414.01820051219585
37.78429877377349 414.01820051219585
37.84137739875167 414.01820051219585
37.86035308339826 414.4503043278733
37.917466729461296 414.4503043278733
37.97458037552435 414.4503043278733
38.0316940215874 414.4503043278733
38.05195812961561 414.8693663484391
38.10910576971744 414.8693663484391
38.16625340981926 414.8693663484391
38.223401049921094 414.8693663484391
38.24494661108377 415.275387055834
38.302127216073494 415.275387055834
38.35930782106323 415.275387055834
38.41648842605296 415.275387055834
38.43930586350868 415.66839683280375
38.49651840452773 415.66839683280375
38.55373094554676 415.66839683280375
38.610943486565795 415.66839683280375
38.668156027584835 415.66839683280375
38.683903882643136 416.1449198498287
38.74115513952207 416.1449198498287
38.798406396401006 416.1449198498287
38.85565765327995 416.1449198498287
38.912908910158905 416.1449198498287
38.93062328274649 416.600380756117
38.98791162863509 416.600380756117
39.045199974523705 416.600380756117
39.1024883204123 416.600380756117
39.159776666300885 416.600380756117
39.17940426599617 417.03583263996046
39.236728107404275 417.03583263996046
39.29405194881239 417.03583263996046
39.35137579022049 417.03583263996046
39.40869963162859 417.03583263996046
39.43020246560477 417.4515622633708
39.48756022842144 417.4515622633708
39.544917991238094 417.4515622633708
39.60227575405475 417.4515622633708
39.65963351687141 417.4515622633708
39.68296878837638 417.84791687518344
39.740358922735666 417.84791687518344
39.79774905709497 417.84791687518344
39.85513919145426 417.84791687518344
39.912529325813544 417.84791687518344
39.96991946017285 417.84791687518344
39.98855198814116 418.30197462927515
40.045979211119004 418.30197462927515
40.103406434096854 418.30197462927515
40.16083365707471 418.30197462927515
40.21826088005256 418.30197462927515
40.275688103030404 418.30197462927515
40.29683998275683 418.7285091146626
40.3543021194433 418.7285091146626
40.41176425612976 418.7285091146626
40.469226392816225 418.7285091146626
40.526688529502685 418.7285091146626
40.58415066618915 418.7285091146626
40.60771192591648 419.12903245522347
40.66520688048964 419.12903245522347
40.72270183506281 419.12903245522347
40.78019678963598 419.12903245522347
40.837691744209124 419.12903245522347
40.8951866987823 419.12903245522347
40.95268165335546 419.12903245522347
40.973256488423324 419.56807715062365
41.03078742751843 419.56807715062365
41.08831836661352 419.56807715062365
41.145849305708616 419.56807715062365
41.20338024480372 419.56807715062365
41.26091118389881 419.56807715062365
41.31844212299392 419.56807715062365
41.34204500429794 419.9735154032704
41.399609238837385 419.9735154032704
41.457173473376834 419.9735154032704
41.51473770791628 419.9735154032704
41.57230194245573 419.9735154032704
41.62986617699518 419.9735154032704
41.68743041153463 419.9735154032704
41.713879724610386 420.34753827871185
41.77147470511965 420.34753827871185
41.82906968562892 420.34753827871185
41.886664666138195 420.34753827871185
41.94425964664747 420.34753827871185
42.00185462715674 420.34753827871185
42.059449607666 420.34753827871185
42.11704458817529 420.34753827871185
42.142084975645794 420.7418332045663
42.19971238104853 420.7418332045663
42.25733978645127 420.7418332045663
42.31496719185402 420.7418332045663
42.37259459725675 420.7418332045663
42.43022200265949 420.7418332045663
42.487849408062225 420.7418332045663
42.54547681346496 420.7418332045663
42.6031042188677 420.7418332045663
42.62775754793202 421.14433473856263
42.685418093109966 421.14433473856263
42.74307863828792 421.14433473856263
42.800739183465865 421.14433473856263
42.85839972864382 421.14433473856263
42.916060273821785 421.14433473856263
42.97372081899972 421.14433473856263
43.03138136417768 421.14433473856263
43.08904190935562 421.14433473856263
43.146702454533575 421.14433473856263
43.171952136500934 421.54348686094113
43.229645586108546 421.54348686094113
43.287339035716144 421.54348686094113
43.34503248532376 421.54348686094113
43.402725934931375 421.54348686094113
43.46041938453897 421.54348686094113
43.51811283414658 421.54348686094113
43.575806283754176 421.54348686094113
43.633499733361795 421.54348686094113
43.6911931829694 421.54348686094113
43.748886632577 421.54348686094113
43.7756345875223 421.9284291964036
43.833359808684996 421.9284291964036
43.89108502984771 421.9284291964036
43.9488102510104 421.9284291964036
44.006535472173084 421.9284291964036
44.0642606933358 421.9284291964036
44.1219859144985 421.9284291964036
44.1797111356612 421.9284291964036
44.237436356823906 421.9284291964036
44.295161577986605 421.9284291964036
44.3528867991493 421.9284291964036
44.410612020312 421.9284291964036
44.46833724147471 421.9284291964036
44.49494905430281 422.32037097861377
44.55270665154078 422.32037097861377
44.61046424877876 422.32037097861377
44.66822184601672 422.32037097861377
44.725979443254694 422.32037097861377
44.78373704049267 422.32037097861377
44.841494637730634 422.32037097861377
44.89925223496862 422.32037097861377
44.957009832206595 422.32037097861377
45.01476742944456 422.32037097861377
45.07252502668253 422.32037097861377
45.1302826239205 422.32037097861377
45.18804022115846 422.32037097861377
45.24579781839644 422.32037097861377
45.30355541563441 422.32037097861377
45.33196070453202 422.69547727044244
45.38974932958007 422.69547727044244
45.44753795462813 422.69547727044244
45.505326579676186 422.69547727044244
45.56311520472425 422.69547727044244
45.6209038297723 422.69547727044244
45.67869245482036 422.69547727044244
45.73648107986842 422.69547727044244
45.79426970491646 422.69547727044244
45.85205832996453 422.69547727044244
45.909846955012576 422.69547727044244
45.96763558006064 422.69547727044244
46.02542420510869 422.69547727044244
46.083212830156754 422.69547727044244
46.14100145520481 422.69547727044244
46.19879008025286 422.69547727044244
46.25657870530091 422.69547727044244
46.31436733034897 422.69547727044244
46.37215595539703 422.69547727044244
46.40083923281568 423.0747381227118
46.45865925521824 423.0747381227118
46.5164792776208 423.0747381227118
46.57429930002338 423.0747381227118
46.63211932242594 423.0747381227118
46.6899393448285 423.0747381227118
46.74775936723107 423.0747381227118
46.805579389633635 423.0747381227118
46.86339941203621 423.0747381227118
46.921219434438754 423.0747381227118
46.97903945684132 423.0747381227118
47.036859479243894 423.0747381227118
47.09467950164646 423.0747381227118
47.15249952404901 423.0747381227118
47.21031954645158 423.0747381227118
47.268139568854146 423.0747381227118
47.32595959125672 423.0747381227118
47.38377961365928 423.0747381227118
47.441599636061845 423.0747381227118
47.49941965846441 423.0747381227118
47.557239680866985 423.0747381227118
47.61505970326955 423.0747381227118
47.67287972567211 423.0747381227118
47.730699748074684 423.0747381227118
47.78851977047724 423.0747381227118
47.846339792879796 423.0747381227118
47.875710051577315 423.4557252221364
47.933561649744256 423.4557252221364
47.99141324791121 423.4557252221364
48.049264846078145 423.4557252221364
48.107116444245094 423.4557252221364
48.164968042412035 423.4557252221364
48.22281964057897 423.4557252221364
48.28067123874593 423.4557252221364
48.33852283691287 423.4557252221364
48.39637443507981 423.4557252221364
48.454226033246755 423.4557252221364
48.51207763141369 423.4557252221364
48.569929229580644 423.4557252221364
48.627780827747586 423.4557252221364
48.68563242591453 423.4557252221364
48.74348402408147 423.4557252221364
48.80133562224842 423.4557252221364
48.859187220415365 423.4557252221364
48.917038818582306 423.4557252221364
48.974890416749254 423.4557252221364
49.03274201491619 423.4557252221364
49.09059361308312 423.4557252221364
49.14844521125008 423.4557252221364
49.20629680941702 423.4557252221364
49.26414840758396 423.4557252221364
49.32200000575091 423.4557252221364
49.37985160391785 423.4557252221364
49.4377032020848 423.4557252221364
49.49555480025174 423.4557252221364
49.55340639841869 423.4557252221364
49.61125799658563 423.4557252221364
49.66910959475256 423.4557252221364
49.726961192919504 423.4557252221364
49.78481279108645 423.4557252221364
49.8426643892534 423.4557252221364
49.90051598742034 423.4557252221364
49.95836758558728 423.4557252221364
50.01621918375424 423.4557252221364
50.07407078192117 423.4557252221364
50.13192238008812 423.4557252221364
50.189773978255054 423.4557252221364
50.22111875345244 423.82715847719044
50.27900117350656 423.82715847719044
50.33688359356067 423.82715847719044
50.394766013614785 423.82715847719044
50.452648433668905 423.82715847719044
50.510530853723026 423.82715847719044
50.56841327377714 423.82715847719044
50.62629569383127 423.82715847719044
50.68417811388538 423.82715847719044
50.742060533939494 423.82715847719044
50.79994295399361 423.82715847719044
50.857825374047735 423.82715847719044
50.91570779410185 423.82715847719044
50.97359021415596 423.82715847719044
51.03147263421008 423.82715847719044
51.0893550542642 423.82715847719044
51.14723747431832 423.82715847719044
51.20511989437243 423.82715847719044
51.26300231442656 423.82715847719044
51.32088473448067 423.82715847719044
51.378767154534785 423.82715847719044
51.43664957458889 423.82715847719044
51.49453199464302 423.82715847719044
51.55241441469713 423.82715847719044
51.61029683475127 423.82715847719044
51.66817925480538 423.82715847719044
51.726061674859494 423.82715847719044
51.78394409491361 423.82715847719044
51.84182651496773 423.82715847719044
51.89970893502184 423.82715847719044
51.95759135507596 423.82715847719044
52.01547377513007 423.82715847719044
52.07335619518419 423.82715847719044
52.1312386152383 423.82715847719044
52.18912103529242 423.82715847719044
52.247003455346544 423.82715847719044
52.30488587540066 423.82715847719044
52.362768295454785 423.82715847719044
52.420650715508906 423.82715847719044
52.478533135563026 423.82715847719044
52.53641555561714 423.82715847719044
52.59429797567126 423.82715847719044
52.65218039572537 423.82715847719044
52.71006281577948 423.82715847719044
52.7679452358336 423.82715847719044
52.82582765588772 423.82715847719044
52.883710075941835 423.82715847719044
52.941592495995955 423.82715847719044
52.99947491605007 423.82715847719044
53.05735733610419 423.82715847719044
53.1152397561583 423.82715847719044
53.17312217621244 423.82715847719044
53.23100459626655 423.82715847719044
53.28888701632066 423.82715847719044
53.34676943637478 423.82715847719044
53.4046518564289 423.82715847719044
53.46253427648301 423.82715847719044
53.520416696537126 423.82715847719044
53.57829911659124 423.82715847719044
53.63618153664536 423.82715847719044
53.69406395669948 423.82715847719044
53.751946376753594 423.82715847719044
53.80982879680772 423.82715847719044
53.867711216861835 423.82715847719044
53.92559363691595 423.82715847719044
53.983476056970076 423.82715847719044
54.04135847702419 423.82715847719044
54.0992408970783 423.82715847719044
54.15712331713242 423.82715847719044
54.215005737186544 423.82715847719044
54.27288815724066 423.82715847719044
54.33077057729477 423.82715847719044
54.3886529973489 423.82715847719044
54.44653541740301 423.82715847719044
54.504417837457126 423.82715847719044
54.56230025751123 423.82715847719044
54.62018267756536 423.82715847719044
54.67806509761947 423.82715847719044
54.735947517673594 423.82715847719044
54.79382993772772 423.82715847719044
54.851712357781835 423.82715847719044
54.90959477783595 423.82715847719044
54.96747719789006 423.82715847719044
55.02535961794418 423.82715847719044
55.083242037998296 423.82715847719044
55.14112445805242 423.82715847719044
55.19900687810654 423.82715847719044
55.25688929816065 423.82715847719044
55.314771718214764 423.82715847719044
55.37265413826888 423.82715847719044
55.430536558323006 423.82715847719044
55.48841897837712 423.82715847719044
55.54630139843123 423.82715847719044
55.60418381848536 423.82715847719044
55.66206623853948 423.82715847719044
55.719948658593594 423.82715847719044
55.777831078647715 423.82715847719044
55.83571349870183 423.82715847719044
55.89359591875594 423.82715847719044
55.95147833881007 423.82715847719044
56.009360758864176 423.82715847719044
56.06724317891829 423.82715847719044
56.12512559897241 423.82715847719044
56.18300801902654 423.82715847719044
56.240890439080644 423.82715847719044
56.29877285913475 423.82715847719044
56.35665527918889 423.82715847719044
56.414537699243 423.82715847719044
56.47242011929711 423.82715847719044
56.53030253935125 423.82715847719044
56.58818495940536 423.82715847719044
56.64606737945947 423.82715847719044
56.70394979951359 423.82715847719044
56.75611467540108 423.9192645831625
56.81400474946345 423.9192645831625
56.87189482352582 423.9192645831625
56.92978489758819 423.9192645831625
56.98767497165056 423.9192645831625
57.045565045712934 423.9192645831625
57.10345511977531 423.9192645831625
57.16134519383768 423.9192645831625
57.21923526790005 423.9192645831625
57.27712534196243 423.9192645831625
57.3350154160248 423.9192645831625
57.39290549008717 423.9192645831625
57.450795564149544 423.9192645831625
57.50868563821193 423.9192645831625
57.566575712274286 423.9192645831625
57.624465786336664 423.9192645831625
57.682355860399035 423.9192645831625
57.740245934461406 423.9192645831625
57.79813600852378 423.9192645831625
57.856026082586155 423.9192645831625
57.91391615664854 423.9192645831625
57.9718062307109 423.9192645831625
58.02969630477328 423.9192645831625
58.08758637883564 423.9192645831625
58.145476452898016 423.9192645831625
58.20336652696038 423.9192645831625
58.26125660102276 423.9192645831625
58.31914667508515 423.9192645831625
58.3770367491475 423.9192645831625
58.43492682320989 423.9192645831625
58.49281689727225 423.9192645831625
58.550706971334634 423.9192645831625
58.60859704539699 423.9192645831625
58.66648711945937 423.9192645831625
58.724377193521754 423.9192645831625
58.78226726758411 423.9192645831625
58.8401573416465 423.9192645831625
58.89804741570885 423.9192645831625
58.955937489771244 423.9192645831625
59.0138275638336 423.9192645831625
59.071717637895986 423.9192645831625
59.12960771195835 423.9192645831625
59.18749778602072 423.9192645831625
59.245387860083106 423.9192645831625
59.30327793414546 423.9192645831625
59.36116800820785 423.9192645831625
59.47428535829261 423.9192645831625
59.53217923635221 423.9192645831625
59.59007311441179 423.9192645831625
59.64796699247136 423.9192645831625
59.705860870530934 423.9192645831625
59.76375474859053 423.9192645831625
59.8216486266501 423.9192645831625
59.8795425047097 423.9192645831625
59.93743638276926 423.9192645831625
59.99533026082884 423.9192645831625
60.05322413888844 423.9192645831625
60.11111801694801 423.9192645831625
60.16901189500761 423.9192645831625
60.22690577306718 423.9192645831625
60.284799651126754 423.9192645831625
60.34269352918635 423.9192645831625
60.40058740724592 423.9192645831625
60.45848128530552 423.9192645831625
60.51637516336509 423.9192645831625
60.57426904142468 423.9192645831625
60.632162919484244 423.9192645831625
60.69005679754383 423.9192645831625
60.747950675603434 423.9192645831625
60.805844553663 423.9192645831625
60.86373843172259 423.9192645831625
60.92163230978216 423.9192645831625
60.97952618784174 423.9192645831625
61.037420065901316 423.9192645831625
61.09531394396092 423.9192645831625
61.1532078220205 423.9192645831625
61.21110170008007 423.9192645831625
61.26899557813966 423.9192645831625
61.32688945619923 423.9192645831625
61.38478333425883 423.9192645831625
61.442677212318394 423.9192645831625
61.50057109037798 423.9192645831625
61.55846496843756 423.9192645831625
61.616358846497135 423.9192645831625
61.67425272455674 423.9192645831625
61.73214660261631 423.9192645831625
61.7900404806759 423.9192645831625
61.84793435873548 423.9192645831625
61.90582823679505 423.9192645831625
61.96372211485465 423.9192645831625
62.02161599291422 423.9192645831625
62.0795098709738 423.9192645831625
62.137403749033396 423.9192645831625
62.195297627092955 423.9192645831625
62.25319150515255 423.9192645831625
62.31108538321213 423.9192645831625
62.36897926127172 423.9192645831625
62.4268731393313 423.9192645831625
62.48476701739089 423.9192645831625
62.54266089545046 423.9192645831625
62.60055477351004 423.9192645831625
62.658448651569614 423.9192645831625
62.716342529629216 423.9192645831625
62.7742364076888 423.9192645831625
62.83213028574837 423.9192645831625
62.89002416380796 423.9192645831625
62.947918041867524 423.9192645831625
63.005811919927126 423.9192645831625
63.06370579798669 423.9192645831625
63.12159967604628 423.9192645831625
63.17949355410586 423.9192645831625
63.237387432165434 423.9192645831625
63.295281310225036 423.9192645831625
63.35317518828461 423.9192645831625
63.41106906634419 423.9192645831625
63.46896294440376 423.9192645831625
63.52685682246335 423.9192645831625
63.584750700522946 423.9192645831625
63.64264457858252 423.9192645831625
63.7005384566421 423.9192645831625
63.758432334701695 423.9192645831625
63.816326212761254 423.9192645831625
63.87422009082083 423.9192645831625
63.93211396888043 423.9192645831625
63.99000784694002 423.9192645831625
64.0479017249996 423.9192645831625
64.10579560305918 423.9192645831625
64.16368948111875 423.9192645831625
64.22158335917834 423.9192645831625
64.27947723723791 423.9192645831625
64.3373711152975 423.9192645831625
64.39526499335709 423.9192645831625
64.45315887141665 423.9192645831625
64.51105274947626 423.9192645831625
64.56894662753582 423.9192645831625
64.62684050559541 423.9192645831625
64.68473438365498 423.9192645831625
64.74262826171457 423.9192645831625
64.80052213977416 423.9192645831625
64.85841601783373 423.9192645831625
64.91630989589332 423.9192645831625
64.9742037739529 423.9192645831625
65.03209765201248 423.9192645831625
65.08999153007206 423.9192645831625
65.14788540813166 423.9192645831625
65.20577928619123 423.9192645831625
65.26367316425082 423.9192645831625
65.32156704231039 423.9192645831625
65.37946092036998 423.9192645831625
65.43735479842955 423.9192645831625
65.49524867648913 423.9192645831625
65.55314255454873 423.9192645831625
65.6110364326083 423.9192645831625
65.66893031066788 423.9192645831625
65.72682418872748 423.9192645831625
65.78471806678705 423.9192645831625
65.84261194484664 423.9192645831625
65.90050582290621 423.9192645831625
65.9583997009658 423.9192645831625
66.01629357902539 423.9192645831625
66.07418745708495 423.9192645831625
66.13208133514455 423.9192645831625
66.18997521320412 423.9192645831625
66.24786909126371 423.9192645831625
66.30576296932328 423.9192645831625
66.36365684738287 423.9192645831625
66.42155072544246 423.9192645831625
66.47944460350203 423.9192645831625
66.53733848156162 423.9192645831625
66.59523235962119 423.9192645831625
66.65312623768078 423.9192645831625
66.71102011574034 423.9192645831625
66.76891399379996 423.9192645831625
66.82680787185953 423.9192645831625
66.8847017499191 423.9192645831625
66.94259562797869 423.9192645831625
67.00048950603826 423.9192645831625
67.05838338409785 423.9192645831625
67.11627726215742 423.9192645831625
67.17417114021703 423.9192645831625
67.2320650182766 423.9192645831625
67.28995889633617 423.9192645831625
67.34785277439578 423.9192645831625
67.40574665245535 423.9192645831625
67.46364053051494 423.9192645831625
67.52153440857451 423.9192645831625
67.57942828663408 423.9192645831625
67.63732216469367 423.9192645831625
67.69521604275324 423.9192645831625
67.75310992081285 423.9192645831625
67.81100379887242 423.9192645831625
67.868897676932 423.9192645831625
67.92679155499157 423.9192645831625
67.98468543305117 423.9192645831625
68.04257931111076 423.9192645831625
68.10047318917033 423.9192645831625
68.1583670672299 423.9192645831625
68.21626094528948 423.9192645831625
68.27415482334908 423.9192645831625
68.33204870140864 423.9192645831625
68.38994257946824 423.9192645831625
68.44783645752781 423.9192645831625
68.50573033558739 423.9192645831625
68.56362421364699 423.9192645831625
68.62151809170656 423.9192645831625
68.67941196976615 423.9192645831625
68.73730584782572 423.9192645831625
68.79519972588531 423.9192645831625
68.85309360394488 423.9192645831625
68.91098748200447 423.9192645831625
68.96888136006407 423.9192645831625
69.02677523812365 423.9192645831625
69.08466911618322 423.9192645831625
69.1425629942428 423.9192645831625
69.20045687230238 423.9192645831625
69.25835075036197 423.9192645831625
69.31624462842154 423.9192645831625
69.37413850648115 423.9192645831625
69.4320323845407 423.9192645831625
69.48992626260029 423.9192645831625
69.54782014065987 423.9192645831625
69.60571401871947 423.9192645831625
69.66360789677904 423.9192645831625
69.72150177483863 423.9192645831625
69.7793956528982 423.9192645831625
69.83728953095778 423.9192645831625
69.89518340901736 423.9192645831625
69.95307728707694 423.9192645831625
70.01097116513654 423.9192645831625
70.06886504319611 423.9192645831625
70.12675892125569 423.9192645831625
70.18465279931529 423.9192645831625
70.24254667737486 423.9192645831625
70.30044055543445 423.9192645831625
70.35833443349402 423.9192645831625
70.4162283115536 423.9192645831625
70.47412218961318 423.9192645831625
70.53201606767277 423.9192645831625
70.58990994573236 423.9192645831625
70.64780382379193 423.9192645831625
70.70569770185152 423.9192645831625
70.7635915799111 423.9192645831625
70.82148545797068 423.9192645831625
70.87937933603027 423.9192645831625
70.93727321408984 423.9192645831625
70.99516709214943 423.9192645831625
71.053060970209 423.9192645831625
71.11095484826859 423.9192645831625
71.16884872632816 423.9192645831625
71.22674260438777 423.9192645831625
71.28463648244734 423.9192645831625
71.34253036050691 423.9192645831625
71.4004242385665 423.9192645831625
71.45831811662607 423.9192645831625
71.51621199468568 423.9192645831625
71.57410587274525 423.9192645831625
71.63199975080482 423.9192645831625
71.68989362886441 423.9192645831625
71.74778750692398 423.9192645831625
71.80568138498357 423.9192645831625
71.86357526304315 423.9192645831625
71.92146914110273 423.9192645831625
71.97936301916232 423.9192645831625
72.0372568972219 423.9192645831625
72.09515077528147 423.9192645831625
72.15304465334107 423.9192645831625
72.21093853140066 423.9192645831625
72.26883240946023 423.9192645831625
72.32672628751982 423.9192645831625
72.38462016557939 423.9192645831625
72.44251404363898 423.9192645831625
72.50040792169857 423.9192645831625
72.55830179975814 423.9192645831625
72.61619567781773 423.9192645831625
72.6740895558773 423.9192645831625
72.73198343393689 423.9192645831625
72.78987731199646 423.9192645831625
72.84777119005605 423.9192645831625
72.90566506811562 423.9192645831625
72.96355894617521 423.9192645831625
73.0214528242348 423.9192645831625
73.07934670229437 423.9192645831625
73.13724058035397 423.9192645831625
73.19513445841355 423.9192645831625
73.25302833647314 423.9192645831625
73.31092221453271 423.9192645831625
73.36881609259228 423.9192645831625
73.42670997065188 423.9192645831625
73.48460384871146 423.9192645831625
73.54249772677105 423.9192645831625
73.6003916048306 423.9192645831625
73.6582854828902 423.9192645831625
73.71617936094977 423.9192645831625
73.77407323900937 423.9192645831625
73.83196711706894 423.9192645831625
73.88986099512852 423.9192645831625
73.9477548731881 423.9192645831625
74.00564875124768 423.9192645831625
74.06354262930726 423.9192645831625
74.12143650736685 423.9192645831625
74.17933038542643 423.9192645831625
74.23722426348603 423.9192645831625
74.2951181415456 423.9192645831625
74.35301201960519 423.9192645831625
74.41090589766476 423.9192645831625
74.46879977572435 423.9192645831625
74.52669365378392 423.9192645831625
74.58458753184351 423.9192645831625
74.6424814099031 423.9192645831625
74.70037528796267 423.9192645831625
74.75826916602226 423.9192645831625
74.81616304408183 423.9192645831625
74.8740569221414 423.9192645831625
74.93195080020101 423.9192645831625
74.98984467826058 423.9192645831625
75.04773855632017 423.9192645831625
75.10563243437973 423.9192645831625
75.16352631243932 423.9192645831625
75.2214201904989 423.9192645831625
75.2793140685585 423.9192645831625
75.33720794661808 423.9192645831625
75.39510182467765 423.9192645831625
75.45299570273725 423.9192645831625
75.51088958079683 423.9192645831625
75.5687834588564 423.9192645831625
75.62667733691598 423.9192645831625
75.68457121497556 423.9192645831625
75.74246509303516 423.9192645831625
75.80035897109474 423.9192645831625
75.85825284915431 423.9192645831625
75.91614672721389 423.9192645831625
75.97404060527349 423.9192645831625
76.03193448333306 423.9192645831625
76.08982836139263 423.9192645831625
76.14772223945221 423.9192645831625
76.2056161175118 423.9192645831625
76.26350999557138 423.9192645831625
76.32140387363096 423.9192645831625
76.37929775169057 423.9192645831625
76.43719162975013 423.9192645831625
76.49508550780972 423.9192645831625
76.5529793858693 423.9192645831625
76.61087326392888 423.9192645831625
76.66876714198847 423.9192645831625
76.72666102004804 423.9192645831625
76.78455489810763 423.9192645831625
76.8424487761672 423.9192645831625
76.90034265422679 423.9192645831625
76.95823653228636 423.9192645831625
77.01613041034595 423.9192645831625
77.07402428840552 423.9192645831625
77.1319181664651 423.9192645831625
77.1898120445247 423.9192645831625
77.24770592258427 423.9192645831625
77.30559980064386 423.9192645831625
77.36349367870346 423.9192645831625
77.42138755676301 423.9192645831625
77.47928143482262 423.9192645831625
77.5371753128822 423.9192645831625
77.59506919094179 423.9192645831625
77.65296306900134 423.9192645831625
77.71085694706095 423.9192645831625
77.76875082512052 423.9192645831625
77.8266447031801 423.9192645831625
77.8845385812397 423.9192645831625
77.94243245929925 423.9192645831625
78.00032633735886 423.9192645831625
78.05822021541843 423.9192645831625
78.116114093478 423.9192645831625
78.1740079715376 423.9192645831625
78.23190184959718 423.9192645831625
78.28979572765675 423.9192645831625
78.34768960571633 423.9192645831625
78.40558348377591 423.9192645831625
78.46347736183553 423.9192645831625
78.5213712398951 423.9192645831625
78.57926511795466 423.9192645831625
78.63715899601425 423.9192645831625
78.69505287407384 423.9192645831625
78.75294675213341 423.9192645831625
78.810840630193 423.9192645831625
78.86873450825257 423.9192645831625
78.92662838631216 423.9192645831625
78.98452226437175 423.9192645831625
79.04241614243132 423.9192645831625
79.10031002049091 423.9192645831625
79.15820389855048 423.9192645831625
79.21609777661007 423.9192645831625
79.27399165466964 423.9192645831625
79.33188553272922 423.9192645831625
79.38977941078879 423.9192645831625
79.44767328884839 423.9192645831625
79.505567166908 423.9192645831625
79.56346104496757 423.9192645831625
79.62135492302716 423.9192645831625
79.67924880108671 423.9192645831625
79.73714267914632 423.9192645831625
79.79503655720589 423.9192645831625
79.85293043526546 423.9192645831625
79.91082431332507 423.9192645831625
79.96871819138464 423.9192645831625
80.02661206944423 423.9192645831625
80.0845059475038 423.9192645831625
80.14239982556337 423.9192645831625
80.20029370362295 423.9192645831625
80.25818758168255 423.9192645831625
80.31608145974212 423.9192645831625
80.3739753378017 423.9192645831625
80.4318692158613 423.9192645831625
80.48976309392087 423.9192645831625
80.54765697198044 423.9192645831625
80.60555085004005 423.9192645831625
80.66344472809962 423.9192645831625
80.72133860615922 423.9192645831625
80.77923248421878 423.9192645831625
80.83712636227837 423.9192645831625
80.89502024033796 423.9192645831625
80.95291411839753 423.9192645831625
81.0108079964571 423.9192645831625
81.06870187451669 423.9192645831625
81.12659575257628 423.9192645831625
81.18448963063585 423.9192645831625
81.24238350869544 423.9192645831625
81.30027738675501 423.9192645831625
81.3581712648146 423.9192645831625
81.41606514287419 423.9192645831625
81.47395902093376 423.9192645831625
81.53185289899335 423.9192645831625
81.58974677705291 423.9192645831625
81.64764065511253 423.9192645831625
81.70553453317211 423.9192645831625
81.76342841123169 423.9192645831625
81.82132228929126 423.9192645831625
81.87921616735085 423.9192645831625
81.93711004541044 423.9192645831625
81.99500392347001 423.9192645831625
82.05289780152958 423.9192645831625
82.11079167958916 423.9192645831625
82.16868555764874 423.9192645831625
82.22657943570835 423.9192645831625
82.2844733137679 423.9192645831625
82.34236719182749 423.9192645831625
82.40026106988707 423.9192645831625
82.45815494794665 423.9192645831625
82.51604882600624 423.9192645831625
82.57394270406581 423.9192645831625
82.63183658212539 423.9192645831625
82.689730460185 423.9192645831625
82.74762433824458 423.9192645831625
82.80551821630415 423.9192645831625
82.86341209436374 423.9192645831625
82.92130597242331 423.9192645831625
82.97919985048291 423.9192645831625
83.03709372854249 423.9192645831625
83.09498760660206 423.9192645831625
83.15288148466165 423.9192645831625
83.21077536272122 423.9192645831625
83.26866924078081 423.9192645831625
83.32656311884038 423.9192645831625
83.38445699689997 423.9192645831625
83.44235087495954 423.9192645831625
83.50024475301913 423.9192645831625
83.55813863107872 423.9192645831625
83.6160325091383 423.9192645831625
83.67392638719788 423.9192645831625
83.73182026525745 423.9192645831625
83.78971414331703 423.9192645831625
83.84760802137664 423.9192645831625
83.90550189943622 423.9192645831625
83.9633957774958 423.9192645831625
84.02128965555538 423.9192645831625
84.07918353361495 423.9192645831625
84.13707741167453 423.9192645831625
84.19497128973413 423.9192645831625
84.2528651677937 423.9192645831625
84.31075904585327 423.9192645831625
84.36865292391288 423.9192645831625
84.42654680197244 423.9192645831625
84.48444068003204 423.9192645831625
84.54233455809161 423.9192645831625
84.60022843615118 423.9192645831625
84.65812231421077 423.9192645831625
84.71601619227035 423.9192645831625
84.77391007032993 423.9192645831625
84.8318039483895 423.9192645831625
84.88969782644911 423.9192645831625
84.9475917045087 423.9192645831625
85.00548558256827 423.9192645831625
85.06337946062784 423.9192645831625
85.12127333868743 423.9192645831625
85.17916721674702 423.9192645831625
85.2370610948066 423.9192645831625
85.29495497286618 423.9192645831625
85.35284885092575 423.9192645831625
85.41074272898534 423.9192645831625
85.46863660704493 423.9192645831625
85.5265304851045 423.9192645831625
85.58442436316409 423.9192645831625
85.64231824122366 423.9192645831625
85.70021211928325 423.9192645831625
85.75810599734282 423.9192645831625
85.81599987540241 423.9192645831625
85.87389375346199 423.9192645831625
85.93178763152159 423.9192645831625
85.98968150958117 423.9192645831625
86.04757538764075 423.9192645831625
86.10546926570034 423.9192645831625
86.16336314375991 423.9192645831625
86.2212570218195 423.9192645831625
86.27915089987907 423.9192645831625
86.33704477793864 423.9192645831625
86.39493865599825 423.9192645831625
86.45283253405782 423.9192645831625
86.51072641211739 423.9192645831625
86.56862029017697 423.9192645831625
86.62651416823655 423.9192645831625
86.68440804629613 423.9192645831625
86.74230192435573 423.9192645831625
86.8001958024153 423.9192645831625
86.85808968047488 423.9192645831625
86.91598355853449 423.9192645831625
86.97387743659404 423.9192645831625
87.03177131465364 423.9192645831625
87.08966519271323 423.9192645831625
87.1475590707728 423.9192645831625
87.2054529488324 423.9192645831625
87.26334682689196 423.9192645831625
87.32124070495155 423.9192645831625
87.37913458301112 423.9192645831625
87.43702846107071 423.9192645831625
87.49492233913028 423.9192645831625
87.55281621718987 423.9192645831625
87.61071009524946 423.9192645831625
87.66860397330903 423.9192645831625
87.72649785136862 423.9192645831625
87.7843917294282 423.9192645831625
87.84228560748778 423.9192645831625
87.90017948554737 423.9192645831625
87.95807336360694 423.9192645831625
88.01596724166654 423.9192645831625
88.07386111972612 423.9192645831625
88.1317549977857 423.9192645831625
88.18964887584528 423.9192645831625
88.24754275390487 423.9192645831625
88.30543663196443 423.9192645831625
88.36333051002403 423.9192645831625
88.42122438808362 423.9192645831625
88.47911826614319 423.9192645831625
88.53701214420276 423.9192645831625
88.59490602226234 423.9192645831625
88.65279990032194 423.9192645831625
88.71069377838153 423.9192645831625
88.76858765644108 423.9192645831625
88.82648153450067 423.9192645831625
88.88437541256025 423.9192645831625
88.94226929061985 423.9192645831625
89.00016316867942 423.9192645831625
89.058057046739 423.9192645831625
89.11595092479857 423.9192645831625
89.17384480285816 423.9192645831625
89.23173868091776 423.9192645831625
89.28963255897733 423.9192645831625
89.34752643703692 423.9192645831625
89.40542031509649 423.9192645831625
89.4633141931561 423.9192645831625
89.52120807121567 423.9192645831625
89.57910194927524 423.9192645831625
89.63699582733483 423.9192645831625
89.6948897053944 423.9192645831625
89.75278358345399 423.9192645831625
89.81067746151356 423.9192645831625
89.86857133957315 423.9192645831625
89.92646521763272 423.9192645831625
89.98435909569231 423.9192645831625
90.0422529737519 423.9192645831625
90.10014685181147 423.9192645831625
90.15804072987106 423.9192645831625
90.21593460793063 423.9192645831625
90.27382848599024 423.9192645831625
90.33172236404982 423.9192645831625
90.3896162421094 423.9192645831625
90.44751012016899 423.9192645831625
90.50540399822856 423.9192645831625
90.56329787628813 423.9192645831625
90.62119175434772 423.9192645831625
90.67908563240731 423.9192645831625
90.73697951046688 423.9192645831625
90.79487338852645 423.9192645831625
90.85276726658606 423.9192645831625
90.91066114464563 423.9192645831625
90.96855502270522 423.9192645831625
91.02644890076478 423.9192645831625
91.08434277882436 423.9192645831625
91.14223665688398 423.9192645831625
91.20013053494354 423.9192645831625
91.25802441300311 423.9192645831625
91.31591829106269 423.9192645831625
91.37381216912229 423.9192645831625
91.43170604718186 423.9192645831625
91.48959992524145 423.9192645831625
91.54749380330102 423.9192645831625
91.60538768136061 423.9192645831625
91.6632815594202 423.9192645831625
91.72117543747977 423.9192645831625
91.77906931553936 423.9192645831625
91.83696319359893 423.9192645831625
91.89485707165852 423.9192645831625
91.95275094971811 423.9192645831625
92.01064482777768 423.9192645831625
92.06853870583727 423.9192645831625
92.12643258389684 423.9192645831625
92.18432646195643 423.9192645831625
92.242220340016 423.9192645831625
92.30011421807559 423.9192645831625
92.35800809613517 423.9192645831625
92.41590197419477 423.9192645831625
92.47379585225436 423.9192645831625
92.53168973031391 423.9192645831625
92.58958360837352 423.9192645831625
92.64747748643309 423.9192645831625
92.70537136449268 423.9192645831625
92.76326524255225 423.9192645831625
92.82115912061182 423.9192645831625
92.87905299867143 423.9192645831625
92.936946876731 423.9192645831625
92.99484075479057 423.9192645831625
93.05273463285015 423.9192645831625
93.11062851090973 423.9192645831625
93.16852238896932 423.9192645831625
93.22641626702891 423.9192645831625
93.28431014508848 423.9192645831625
93.34220402314806 423.9192645831625
93.40009790120767 423.9192645831625
93.45799177926725 423.9192645831625
93.51588565732682 423.9192645831625
93.57377953538641 423.9192645831625
93.63167341344598 423.9192645831625
93.68956729150557 423.9192645831625
93.74746116956514 423.9192645831625
93.80535504762473 423.9192645831625
93.8632489256843 423.9192645831625
93.92114280374389 423.9192645831625
93.97903668180346 423.9192645831625
94.03693055986305 423.9192645831625
94.09482443792264 423.9192645831625
94.15271831598221 423.9192645831625
94.2106121940418 423.9192645831625
94.26850607210137 423.9192645831625
94.32639995016096 423.9192645831625
94.38429382822055 423.9192645831625
94.44218770628012 423.9192645831625
94.50008158433972 423.9192645831625
94.5579754623993 423.9192645831625
94.61586934045889 423.9192645831625
94.67376321851846 423.9192645831625
94.73165709657805 423.9192645831625
94.7895509746376 423.9192645831625
94.84744485269721 423.9192645831625
94.9053387307568 423.9192645831625
94.96323260881637 423.9192645831625
95.02112648687594 423.9192645831625
95.07902036493552 423.9192645831625
95.13691424299512 423.9192645831625
95.19480812105469 423.9192645831625
95.25270199911427 423.9192645831625
95.31059587717385 423.9192645831625
95.36848975523343 423.9192645831625
95.42638363329303 423.9192645831625
95.4842775113526 423.9192645831625
95.54217138941218 423.9192645831625
95.60006526747175 423.9192645831625
95.65795914553136 423.9192645831625
95.71585302359094 423.9192645831625
95.77374690165051 423.9192645831625
95.8316407797101 423.9192645831625
95.88953465776967 423.9192645831625
95.94742853582927 423.9192645831625
96.00532241388885 423.9192645831625
96.06321629194842 423.9192645831625
96.12111017000801 423.9192645831625
96.17900404806758 423.9192645831625
96.23689792612717 423.9192645831625
96.29479180418674 423.9192645831625
96.35268568224633 423.9192645831625
96.4105795603059 423.9192645831625
96.46847343836549 423.9192645831625
96.52636731642508 423.9192645831625
96.58426119448465 423.9192645831625
96.64215507254426 423.9192645831625
96.70004895060383 423.9192645831625
96.7579428286634 423.9192645831625
96.815836706723 423.9192645831625
96.87373058478258 423.9192645831625
96.93162446284215 423.9192645831625
96.98951834090174 423.9192645831625
97.04741221896133 423.9192645831625
97.10530609702091 423.9192645831625
97.16319997508049 423.9192645831625
97.22109385314006 423.9192645831625
97.27898773119963 423.9192645831625
97.33688160925924 423.9192645831625
97.39477548731881 423.9192645831625
97.4526693653784 423.9192645831625
97.51056324343796 423.9192645831625
97.56845712149754 423.9192645831625
97.62635099955716 423.9192645831625
97.68424487761673 423.9192645831625
97.74213875567631 423.9192645831625
97.80003263373588 423.9192645831625
97.85792651179547 423.9192645831625
97.91582038985506 423.9192645831625
97.97371426791463 423.9192645831625
98.0316081459742 423.9192645831625
98.08950202403379 423.9192645831625
98.1473959020934 423.9192645831625
98.20528978015295 423.9192645831625
98.26318365821254 423.9192645831625
98.32107753627211 423.9192645831625
98.3789714143317 423.9192645831625
98.43686529239129 423.9192645831625
98.49475917045086 423.9192645831625
98.55265304851044 423.9192645831625
98.61054692657002 423.9192645831625
98.66844080462961 423.9192645831625
98.72633468268921 423.9192645831625
98.78422856074879 423.9192645831625
98.84212243880836 423.9192645831625
98.90001631686795 423.9192645831625
98.95791019492754 423.9192645831625
99.0158040729871 423.9192645831625
99.0736979510467 423.9192645831625
99.13159182910627 423.9192645831625
99.18948570716586 423.9192645831625
99.24737958522543 423.9192645831625
99.305273463285 423.9192645831625
99.36316734134459 423.9192645831625
99.42106121940418 423.9192645831625
99.47895509746375 423.9192645831625
99.53684897552336 423.9192645831625
99.59474285358293 423.9192645831625
99.6526367316425 423.9192645831625
99.71053060970208 423.9192645831625
99.76842448776166 423.9192645831625
99.82631836582124 423.9192645831625
99.88421224388085 423.9192645831625
99.94210612194043 423.9192645831625
100.0 423.9192645831625
